# QUAL, Stats by quality:
# QUAL	[2]id	[3]Quality	[4]number of SNPs	[5]number of transitions (1st ALT)	[6]number of transversions (1st ALT)	[7]number of indels
QUAL	0	3	232584	131142	101442	27785
QUAL	0	4	92765	54546	38219	16739
QUAL	0	5	108662	59839	48823	17941
QUAL	0	6	64034	38224	25810	10055
QUAL	0	7	90230	50113	40117	12081
QUAL	0	8	50349	29752	20597	7511
QUAL	0	9	66055	39865	26190	10434
QUAL	0	10	84196	47607	36589	7571
QUAL	0	11	54415	33031	21384	7030
QUAL	0	12	130215	77202	53013	14624
QUAL	0	13	57591	34306	23285	5547
QUAL	0	14	49020	30320	18700	5049
QUAL	0	15	81127	49937	31190	7193
QUAL	0	16	72865	44098	28767	6039
QUAL	0	17	58523	36679	21844	5279
QUAL	0	18	78265	49243	29022	6811
QUAL	0	19	79932	49230	30702	6576
QUAL	0	20	62451	39047	23404	5469
QUAL	0	21	79996	50475	29521	7159
QUAL	0	22	76053	47464	28589	6444
QUAL	0	23	66857	42242	24615	6313
QUAL	0	24	72984	46479	26505	6856
QUAL	0	25	85517	53054	32463	7204
QUAL	0	26	55600	35363	20237	5752
QUAL	0	27	59018	37550	21468	5944
QUAL	0	28	60850	38357	22493	6471
QUAL	0	29	49872	31697	18175	5278
QUAL	0	30	49317	31414	17903	5234
QUAL	0	31	57030	35952	21078	6051
QUAL	0	32	48427	30855	17572	4766
QUAL	0	33	53453	33693	19760	5272
QUAL	0	34	41795	26658	15137	4314
QUAL	0	35	52940	33784	19156	5209
QUAL	0	36	50940	32384	18556	4646
QUAL	0	37	53847	34024	19823	4475
QUAL	0	38	50772	32600	18172	4442
QUAL	0	39	51876	33399	18477	4502
QUAL	0	40	58356	37367	20989	4355
QUAL	0	41	60442	38851	21591	5216
QUAL	0	42	56767	36279	20488	4211
QUAL	0	43	59967	38554	21413	4499
QUAL	0	44	55361	35444	19917	4029
QUAL	0	45	51832	33140	18692	3374
QUAL	0	46	58258	37638	20620	4263
QUAL	0	47	61459	39621	21838	4185
QUAL	0	48	53110	34222	18888	3513
QUAL	0	49	66011	42198	23813	5828
QUAL	0	50	26945	17211	9734	1872
QUAL	0	51	46323	30105	16218	3125
QUAL	0	52	47089	30419	16670	3374
QUAL	0	53	57440	37154	20286	4202
QUAL	0	54	49656	32152	17504	3688
QUAL	0	55	47173	30638	16535	3421
QUAL	0	56	53012	34651	18361	3934
QUAL	0	57	43293	28110	15183	3126
QUAL	0	58	43537	28319	15218	2977
QUAL	0	59	49371	31844	17527	3657
QUAL	0	60	48420	31304	17116	3377
QUAL	0	61	47620	30827	16793	3355
QUAL	0	62	45963	29678	16285	3407
QUAL	0	63	43852	28478	15374	3251
QUAL	0	64	41899	27186	14713	2815
QUAL	0	65	44244	28699	15545	3092
QUAL	0	66	46680	30308	16372	3216
QUAL	0	67	47586	30723	16863	3145
QUAL	0	68	46238	30040	16198	3120
QUAL	0	69	48674	31498	17176	3065
QUAL	0	70	54353	35291	19062	3643
QUAL	0	71	45804	29806	15998	2869
QUAL	0	72	46535	30193	16342	2740
QUAL	0	73	49911	32498	17413	3281
QUAL	0	74	48791	31535	17256	2874
QUAL	0	75	44768	28958	15810	2558
QUAL	0	76	51506	33443	18063	3017
QUAL	0	77	46100	30042	16058	2976
QUAL	0	78	40903	26618	14285	2454
QUAL	0	79	47258	30341	16917	3381
QUAL	0	80	39057	25461	13596	2240
QUAL	0	81	44779	29204	15575	2693
QUAL	0	82	41801	27190	14611	2435
QUAL	0	83	41936	27413	14523	2471
QUAL	0	84	41154	26758	14396	2430
QUAL	0	85	40947	26670	14277	2463
QUAL	0	86	44455	28723	15732	2987
QUAL	0	87	40165	26235	13930	2295
QUAL	0	88	39468	25555	13913	2301
QUAL	0	89	42500	27765	14735	2525
QUAL	0	90	38927	25263	13664	2089
QUAL	0	91	40355	26260	14095	2439
QUAL	0	92	42132	27538	14594	2308
QUAL	0	93	40183	26150	14033	2247
QUAL	0	94	44173	28845	15328	2595
QUAL	0	95	40089	26054	14035	2185
QUAL	0	96	40202	26160	14042	2327
QUAL	0	97	39064	25548	13516	2232
QUAL	0	98	36544	23739	12805	2090
QUAL	0	99	38632	25228	13404	2008
QUAL	0	100	39680	25704	13976	2323
QUAL	0	101	41040	26859	14181	2220
QUAL	0	102	37846	24507	13339	2019
QUAL	0	103	37715	24539	13176	2151
QUAL	0	104	37581	24401	13180	2110
QUAL	0	105	37347	24244	13103	2251
QUAL	0	106	34240	22508	11732	1927
QUAL	0	107	36168	23668	12500	2053
QUAL	0	108	33815	21963	11852	1815
QUAL	0	109	34398	22413	11985	1867
QUAL	0	110	35048	22885	12163	1757
QUAL	0	111	33313	21775	11538	1651
QUAL	0	112	36108	23331	12777	1902
QUAL	0	113	37151	24213	12938	2062
QUAL	0	114	33650	22042	11608	1712
QUAL	0	115	37633	24431	13202	2049
QUAL	0	116	35582	23000	12582	2019
QUAL	0	117	34232	22202	12030	1779
QUAL	0	118	35170	22747	12423	1828
QUAL	0	119	34802	22559	12243	1777
QUAL	0	120	34628	22464	12164	1851
QUAL	0	121	31576	20747	10829	1536
QUAL	0	122	31764	20614	11150	1803
QUAL	0	123	32202	20708	11494	2041
QUAL	0	124	29892	19478	10414	1577
QUAL	0	125	30725	20118	10607	1707
QUAL	0	126	30186	19797	10389	1580
QUAL	0	127	29643	19426	10217	1460
QUAL	0	128	29892	19479	10413	1530
QUAL	0	129	30757	20158	10599	1660
QUAL	0	130	29909	19576	10333	1512
QUAL	0	131	30670	20104	10566	1555
QUAL	0	132	29630	19154	10476	1387
QUAL	0	133	31072	20383	10689	1701
QUAL	0	134	29865	19431	10434	1620
QUAL	0	135	28484	18613	9871	1553
QUAL	0	136	29599	19305	10294	1492
QUAL	0	137	28208	18381	9827	1464
QUAL	0	138	28130	18196	9934	1469
QUAL	0	139	28588	18653	9935	1473
QUAL	0	140	27540	17985	9555	1465
QUAL	0	141	28378	18317	10061	1536
QUAL	0	142	26734	17313	9421	1328
QUAL	0	143	26890	17610	9280	1449
QUAL	0	144	25669	16751	8918	1338
QUAL	0	145	27049	17666	9383	1438
QUAL	0	146	25791	16761	9030	1384
QUAL	0	147	25110	16357	8753	1229
QUAL	0	148	24519	15884	8635	1245
QUAL	0	149	24642	16100	8542	1223
QUAL	0	150	25083	16284	8799	1298
QUAL	0	151	25072	16241	8831	1213
QUAL	0	152	25622	16649	8973	1317
QUAL	0	153	25594	16498	9096	1437
QUAL	0	154	24636	16004	8632	1276
QUAL	0	155	24196	15727	8469	1283
QUAL	0	156	24023	15556	8467	1252
QUAL	0	157	23732	15410	8322	1245
QUAL	0	158	23071	14974	8097	1282
QUAL	0	159	22762	14825	7937	1275
QUAL	0	160	22902	14816	8086	1314
QUAL	0	161	21727	14020	7707	1231
QUAL	0	162	21716	14101	7615	1119
QUAL	0	163	21392	13990	7402	1090
QUAL	0	164	21263	13805	7458	1048
QUAL	0	165	21334	13971	7363	1137
QUAL	0	166	21718	14210	7508	1169
QUAL	0	167	21292	13895	7397	1112
QUAL	0	168	21224	14039	7185	1111
QUAL	0	169	21025	13786	7239	1055
QUAL	0	170	21305	13868	7437	1101
QUAL	0	171	20998	13567	7431	1065
QUAL	0	172	20475	13360	7115	1118
QUAL	0	173	20054	12954	7100	1041
QUAL	0	174	19811	12840	6971	1029
QUAL	0	175	19876	12949	6927	1032
QUAL	0	176	19742	12690	7052	1089
QUAL	0	177	19092	12369	6723	1021
QUAL	0	178	19683	12604	7079	1146
QUAL	0	179	18477	11909	6568	990
QUAL	0	180	18235	11846	6389	903
QUAL	0	181	18610	12018	6592	974
QUAL	0	182	18300	11924	6376	919
QUAL	0	183	18725	12029	6696	1085
QUAL	0	184	18279	11903	6376	1024
QUAL	0	185	18030	11549	6481	877
QUAL	0	186	17553	11336	6217	960
QUAL	0	187	17912	11555	6357	946
QUAL	0	188	17472	11354	6118	938
QUAL	0	189	17234	11096	6138	905
QUAL	0	190	17568	11345	6223	1107
QUAL	0	191	16962	10947	6015	992
QUAL	0	192	16436	10696	5740	913
QUAL	0	193	16187	10533	5654	880
QUAL	0	194	16274	10638	5636	877
QUAL	0	195	16082	10368	5714	873
QUAL	0	196	16085	10354	5731	903
QUAL	0	197	15868	10325	5543	938
QUAL	0	198	15756	10200	5556	802
QUAL	0	199	15739	10281	5458	822
QUAL	0	200	15136	9909	5227	831
QUAL	0	201	15540	10088	5452	810
QUAL	0	202	15087	9819	5268	770
QUAL	0	203	15469	10009	5460	839
QUAL	0	204	15011	9618	5393	807
QUAL	0	205	14996	9731	5265	804
QUAL	0	206	48961	32552	16409	1815
QUAL	0	207	14884	9672	5212	775
QUAL	0	208	14776	9462	5314	890
QUAL	0	209	14223	9189	5034	839
QUAL	0	210	13858	8949	4909	794
QUAL	0	211	13550	8862	4688	702
QUAL	0	212	13547	8895	4652	718
QUAL	0	213	13764	8859	4905	796
QUAL	0	214	13366	8723	4643	746
QUAL	0	215	13436	8764	4672	859
QUAL	0	216	13112	8429	4683	757
QUAL	0	217	19501	12701	6800	934
QUAL	0	218	18094	11815	6279	905
QUAL	0	219	12220	7913	4307	703
QUAL	0	220	12322	7913	4409	801
QUAL	0	221	12227	7894	4333	748
QUAL	0	222	11788	7549	4239	712
QUAL	0	223	11710	7531	4179	660
QUAL	0	224	11975	7708	4267	719
QUAL	0	225	11842	7633	4209	718
QUAL	0	226	11794	7658	4136	699
QUAL	0	227	12178	7816	4362	816
QUAL	0	228	11605	7472	4133	680
QUAL	0	229	11503	7419	4084	681
QUAL	0	230	11520	7408	4112	631
QUAL	0	231	11538	7433	4105	641
QUAL	0	232	11407	7286	4121	693
QUAL	0	233	11446	7444	4002	678
QUAL	0	234	11475	7484	3991	690
QUAL	0	235	11415	7437	3978	651
QUAL	0	236	11364	7302	4062	674
QUAL	0	237	11258	7309	3949	615
QUAL	0	238	11314	7243	4071	692
QUAL	0	239	11122	7186	3936	609
QUAL	0	240	11289	7229	4060	658
QUAL	0	241	11048	7078	3970	596
QUAL	0	242	11040	7157	3883	636
QUAL	0	243	11163	7204	3959	635
QUAL	0	244	10946	7024	3922	613
QUAL	0	245	11099	7075	4024	724
QUAL	0	246	11046	7084	3962	721
QUAL	0	247	11008	7108	3900	690
QUAL	0	248	10789	6910	3879	640
QUAL	0	249	10932	7086	3846	630
QUAL	0	250	10778	6989	3789	706
QUAL	0	251	10767	6806	3961	613
QUAL	0	252	11046	7011	4035	673
QUAL	0	253	10633	6904	3729	575
QUAL	0	254	10670	6827	3843	595
QUAL	0	255	10587	6893	3694	614
QUAL	0	256	10516	6836	3680	629
QUAL	0	257	10627	6847	3780	694
QUAL	0	258	10557	6696	3861	726
QUAL	0	259	10070	6543	3527	602
QUAL	0	260	10014	6399	3615	598
QUAL	0	261	10161	6512	3649	633
QUAL	0	262	10112	6479	3633	590
QUAL	0	263	10039	6464	3575	600
QUAL	0	264	10315	6590	3725	639
QUAL	0	265	10029	6371	3658	631
QUAL	0	266	9823	6345	3478	617
QUAL	0	267	9755	6272	3483	590
QUAL	0	268	9634	6237	3397	517
QUAL	0	269	9855	6352	3503	562
QUAL	0	270	9840	6332	3508	641
QUAL	0	271	9559	6168	3391	647
QUAL	0	272	9813	6298	3515	573
QUAL	0	273	9592	6232	3360	621
QUAL	0	274	9539	6218	3321	610
QUAL	0	275	9723	6277	3446	586
QUAL	0	276	9383	5938	3445	582
QUAL	0	277	9386	6046	3340	542
QUAL	0	278	9321	5999	3322	629
QUAL	0	279	9427	5992	3435	554
QUAL	0	280	9336	5946	3390	558
QUAL	0	281	9541	6111	3430	574
QUAL	0	282	9229	5897	3332	592
QUAL	0	283	9199	5914	3285	577
QUAL	0	284	9085	5879	3206	531
QUAL	0	285	9183	5891	3292	577
QUAL	0	286	9089	5876	3213	536
QUAL	0	287	9039	5810	3229	592
QUAL	0	288	9030	5843	3187	585
QUAL	0	289	8822	5681	3141	548
QUAL	0	290	8894	5717	3177	565
QUAL	0	291	8530	5457	3073	552
QUAL	0	292	8679	5561	3118	511
QUAL	0	293	8654	5601	3053	549
QUAL	0	294	8454	5462	2992	583
QUAL	0	295	8558	5497	3061	606
QUAL	0	296	8552	5456	3096	573
QUAL	0	297	8382	5400	2982	522
QUAL	0	298	8449	5491	2958	539
QUAL	0	299	8451	5432	3019	556
QUAL	0	300	8439	5462	2977	554
QUAL	0	301	8387	5365	3022	575
QUAL	0	302	8261	5282	2979	491
QUAL	0	303	8232	5352	2880	507
QUAL	0	304	8339	5377	2962	507
QUAL	0	305	8047	5160	2887	534
QUAL	0	306	8331	5285	3046	527
QUAL	0	307	8062	5100	2962	554
QUAL	0	308	8017	5185	2832	497
QUAL	0	309	7892	5063	2829	524
QUAL	0	310	7976	5085	2891	491
QUAL	0	311	7869	5016	2853	488
QUAL	0	312	7763	4922	2841	575
QUAL	0	313	7695	4942	2753	521
QUAL	0	314	7795	5016	2779	473
QUAL	0	315	7690	4949	2741	473
QUAL	0	316	7716	4951	2765	488
QUAL	0	317	7619	4872	2747	467
QUAL	0	318	7587	4868	2719	532
QUAL	0	319	7499	4749	2750	570
QUAL	0	320	7630	4818	2812	540
QUAL	0	321	7382	4653	2729	526
QUAL	0	322	7406	4761	2645	475
QUAL	0	323	7444	4728	2716	461
QUAL	0	324	7558	4900	2658	538
QUAL	0	325	7267	4554	2713	555
QUAL	0	326	7123	4503	2620	514
QUAL	0	327	7117	4609	2508	484
QUAL	0	328	7376	4729	2647	487
QUAL	0	329	7068	4509	2559	552
QUAL	0	330	7056	4532	2524	510
QUAL	0	331	7166	4581	2585	523
QUAL	0	332	7047	4533	2514	473
QUAL	0	333	7068	4505	2563	536
QUAL	0	334	6856	4459	2397	503
QUAL	0	335	7039	4464	2575	488
QUAL	0	336	6876	4388	2488	458
QUAL	0	337	6920	4440	2480	457
QUAL	0	338	6762	4332	2430	521
QUAL	0	339	6739	4366	2373	469
QUAL	0	340	6750	4244	2506	476
QUAL	0	341	6690	4254	2436	475
QUAL	0	342	6781	4266	2515	530
QUAL	0	343	6687	4258	2429	478
QUAL	0	344	6774	4326	2448	454
QUAL	0	345	6632	4266	2366	455
QUAL	0	346	6467	4154	2313	465
QUAL	0	347	6368	4065	2303	446
QUAL	0	348	6519	4087	2432	502
QUAL	0	349	6591	4160	2431	530
QUAL	0	350	6461	4133	2328	500
QUAL	0	351	6285	4071	2214	446
QUAL	0	352	6406	4072	2334	440
QUAL	0	353	6443	4143	2300	432
QUAL	0	354	6335	3950	2385	417
QUAL	0	355	6275	4007	2268	457
QUAL	0	356	6378	4067	2311	516
QUAL	0	357	6313	3990	2323	464
QUAL	0	358	6246	3953	2293	481
QUAL	0	359	6051	3836	2215	463
QUAL	0	360	6044	3794	2250	456
QUAL	0	361	6129	3886	2243	462
QUAL	0	362	5846	3705	2141	491
QUAL	0	363	6091	3934	2157	471
QUAL	0	364	6020	3843	2177	479
QUAL	0	365	5885	3722	2163	446
QUAL	0	366	5907	3826	2081	462
QUAL	0	367	5833	3732	2101	491
QUAL	0	368	5779	3633	2146	469
QUAL	0	369	5857	3729	2128	475
QUAL	0	370	5935	3734	2201	471
QUAL	0	371	5839	3708	2131	452
QUAL	0	372	5764	3720	2044	431
QUAL	0	373	5735	3687	2048	454
QUAL	0	374	5777	3663	2114	502
QUAL	0	375	5666	3585	2081	425
QUAL	0	376	5761	3666	2095	492
QUAL	0	377	5519	3480	2039	434
QUAL	0	378	5680	3576	2104	447
QUAL	0	379	5752	3722	2030	468
QUAL	0	380	5506	3504	2002	435
QUAL	0	381	5439	3455	1984	464
QUAL	0	382	5405	3413	1992	437
QUAL	0	383	5193	3299	1894	457
QUAL	0	384	5402	3513	1889	458
QUAL	0	385	5326	3387	1939	495
QUAL	0	386	5297	3353	1944	442
QUAL	0	387	5391	3397	1994	478
QUAL	0	388	5277	3407	1870	471
QUAL	0	389	5359	3409	1950	414
QUAL	0	390	5117	3250	1867	452
QUAL	0	391	5294	3482	1812	443
QUAL	0	392	5220	3298	1922	465
QUAL	0	393	5319	3377	1942	458
QUAL	0	394	5243	3404	1839	412
QUAL	0	395	5211	3345	1866	439
QUAL	0	396	5117	3268	1849	447
QUAL	0	397	5119	3258	1861	439
QUAL	0	398	5081	3213	1868	413
QUAL	0	399	5131	3348	1783	456
QUAL	0	400	5021	3201	1820	488
QUAL	0	401	5009	3187	1822	408
QUAL	0	402	5070	3200	1870	451
QUAL	0	403	4967	3175	1792	427
QUAL	0	404	4916	3093	1823	411
QUAL	0	405	4979	3221	1758	457
QUAL	0	406	4787	3012	1775	443
QUAL	0	407	4799	3087	1712	452
QUAL	0	408	4822	3078	1744	398
QUAL	0	409	4823	3038	1785	424
QUAL	0	410	4729	2953	1776	451
QUAL	0	411	4719	2986	1733	454
QUAL	0	412	4828	3079	1749	402
QUAL	0	413	4858	3015	1843	419
QUAL	0	414	4785	3042	1743	463
QUAL	0	415	4651	2938	1713	451
QUAL	0	416	4637	2998	1639	416
QUAL	0	417	4751	3046	1705	419
QUAL	0	418	4666	2929	1737	432
QUAL	0	419	4734	2983	1751	462
QUAL	0	420	4530	2863	1667	421
QUAL	0	421	4695	2966	1729	429
QUAL	0	422	4495	2905	1590	421
QUAL	0	423	4603	2862	1741	422
QUAL	0	424	4561	2856	1705	445
QUAL	0	425	4535	2882	1653	436
QUAL	0	426	4621	2894	1727	403
QUAL	0	427	4552	2880	1672	425
QUAL	0	428	4584	2904	1680	419
QUAL	0	429	4627	2931	1696	469
QUAL	0	430	4339	2759	1580	430
QUAL	0	431	4505	2890	1615	423
QUAL	0	432	4302	2751	1551	460
QUAL	0	433	4338	2745	1593	419
QUAL	0	434	4521	2862	1659	454
QUAL	0	435	4263	2691	1572	393
QUAL	0	436	4405	2808	1597	436
QUAL	0	437	4332	2784	1548	428
QUAL	0	438	4335	2779	1556	455
QUAL	0	439	4275	2720	1555	427
QUAL	0	440	4295	2744	1551	446
QUAL	0	441	4300	2726	1574	427
QUAL	0	442	4356	2778	1578	421
QUAL	0	443	4291	2719	1572	440
QUAL	0	444	4238	2746	1492	411
QUAL	0	445	4206	2612	1594	440
QUAL	0	446	4205	2632	1573	396
QUAL	0	447	4149	2623	1526	427
QUAL	0	448	4171	2667	1504	430
QUAL	0	449	8357	5454	2903	506
QUAL	0	450	4395	2734	1661	455
QUAL	0	451	4084	2567	1517	417
QUAL	0	452	4049	2542	1507	419
QUAL	0	453	3953	2542	1411	427
QUAL	0	454	3927	2504	1423	399
QUAL	0	455	3914	2499	1415	446
QUAL	0	456	3838	2455	1383	442
QUAL	0	457	4066	2555	1511	421
QUAL	0	458	3857	2425	1432	394
QUAL	0	459	3822	2412	1410	405
QUAL	0	460	3840	2388	1452	419
QUAL	0	461	3878	2376	1502	421
QUAL	0	462	3856	2415	1441	435
QUAL	0	463	3673	2263	1410	417
QUAL	0	464	3775	2340	1435	428
QUAL	0	465	3772	2392	1380	426
QUAL	0	466	3960	2476	1484	471
QUAL	0	467	3818	2391	1427	430
QUAL	0	468	3812	2458	1354	422
QUAL	0	469	3832	2417	1415	432
QUAL	0	470	3757	2340	1417	403
QUAL	0	471	3605	2272	1333	408
QUAL	0	472	3709	2327	1382	413
QUAL	0	473	3773	2362	1411	426
QUAL	0	474	3693	2337	1356	419
QUAL	0	475	3739	2325	1414	416
QUAL	0	476	3664	2279	1385	420
QUAL	0	477	3585	2199	1386	416
QUAL	0	478	3749	2360	1389	416
QUAL	0	479	3593	2279	1314	425
QUAL	0	480	3588	2212	1376	456
QUAL	0	481	3680	2329	1351	451
QUAL	0	482	3547	2221	1326	437
QUAL	0	483	3569	2237	1332	371
QUAL	0	484	3457	2155	1302	410
QUAL	0	485	3613	2223	1390	443
QUAL	0	486	3468	2216	1252	427
QUAL	0	487	3486	2216	1270	436
QUAL	0	488	3517	2210	1307	401
QUAL	0	489	3499	2171	1328	432
QUAL	0	490	3476	2217	1259	422
QUAL	0	491	3553	2230	1323	420
QUAL	0	492	3421	2117	1304	423
QUAL	0	493	3430	2120	1310	434
QUAL	0	494	3352	2095	1257	452
QUAL	0	495	3405	2173	1232	466
QUAL	0	496	3460	2158	1302	404
QUAL	0	497	3498	2199	1299	398
QUAL	0	498	3525	2211	1314	461
QUAL	0	499	3302	2120	1182	398
QUAL	0	500	3467	2153	1314	409
QUAL	0	501	3346	2113	1233	425
QUAL	0	502	3372	2166	1206	434
QUAL	0	503	3271	2098	1173	438
QUAL	0	504	3389	2122	1267	466
QUAL	0	505	3237	2026	1211	402
QUAL	0	506	3358	2124	1234	402
QUAL	0	507	3309	2088	1221	455
QUAL	0	508	3214	2031	1183	417
QUAL	0	509	3214	2043	1171	447
QUAL	0	510	3238	2063	1175	466
QUAL	0	511	3220	2050	1170	418
QUAL	0	512	3246	2067	1179	436
QUAL	0	513	3249	2005	1244	421
QUAL	0	514	3211	2039	1172	425
QUAL	0	515	3191	2063	1128	439
QUAL	0	516	3222	2052	1170	424
QUAL	0	517	3178	1979	1199	421
QUAL	0	518	3321	2092	1229	419
QUAL	0	519	3276	2073	1203	402
QUAL	0	520	3250	2061	1189	403
QUAL	0	521	3132	1958	1174	417
QUAL	0	522	3179	2041	1138	440
QUAL	0	523	3164	1982	1182	422
QUAL	0	524	3218	2045	1173	398
QUAL	0	525	3147	2022	1125	406
QUAL	0	526	3167	2058	1109	445
QUAL	0	527	3137	2041	1096	425
QUAL	0	528	3166	1986	1180	412
QUAL	0	529	3071	1984	1087	454
QUAL	0	530	3081	1913	1168	414
QUAL	0	531	3106	1964	1142	396
QUAL	0	532	3129	1970	1159	425
QUAL	0	533	3072	1895	1177	438
QUAL	0	534	3025	1927	1098	417
QUAL	0	535	3048	1921	1127	429
QUAL	0	536	3076	1919	1157	434
QUAL	0	537	3078	1962	1116	428
QUAL	0	538	3034	1898	1136	413
QUAL	0	539	2954	1877	1077	463
QUAL	0	540	3000	1891	1109	467
QUAL	0	541	3050	1901	1149	425
QUAL	0	542	2926	1865	1061	435
QUAL	0	543	2984	1888	1096	427
QUAL	0	544	2842	1818	1024	390
QUAL	0	545	2926	1820	1106	429
QUAL	0	546	2925	1848	1077	428
QUAL	0	547	2844	1827	1017	461
QUAL	0	548	2899	1851	1048	441
QUAL	0	549	2972	1895	1077	397
QUAL	0	550	2894	1855	1039	416
QUAL	0	551	2966	1880	1086	414
QUAL	0	552	2901	1845	1056	384
QUAL	0	553	2904	1859	1045	420
QUAL	0	554	2937	1888	1049	428
QUAL	0	555	2887	1845	1042	455
QUAL	0	556	2742	1744	998	457
QUAL	0	557	2742	1785	957	454
QUAL	0	558	2833	1804	1029	435
QUAL	0	559	2808	1772	1036	403
QUAL	0	560	2834	1813	1021	418
QUAL	0	561	2819	1779	1040	451
QUAL	0	562	2837	1797	1040	437
QUAL	0	563	2716	1724	992	390
QUAL	0	564	2721	1697	1024	456
QUAL	0	565	2803	1809	994	468
QUAL	0	566	2738	1794	944	391
QUAL	0	567	2838	1798	1040	446
QUAL	0	568	2639	1691	948	413
QUAL	0	569	2747	1742	1005	468
QUAL	0	570	2764	1726	1038	417
QUAL	0	571	2748	1749	999	438
QUAL	0	572	2803	1757	1046	449
QUAL	0	573	2686	1704	982	440
QUAL	0	574	2810	1761	1049	439
QUAL	0	575	2854	1819	1035	480
QUAL	0	576	2788	1735	1053	443
QUAL	0	577	2582	1620	962	461
QUAL	0	578	2731	1758	973	443
QUAL	0	579	2650	1685	965	416
QUAL	0	580	2686	1721	965	437
QUAL	0	581	2702	1750	952	416
QUAL	0	582	2628	1620	1008	422
QUAL	0	583	2606	1623	983	476
QUAL	0	584	2621	1691	930	456
QUAL	0	585	2681	1673	1008	437
QUAL	0	586	2597	1651	946	438
QUAL	0	587	2623	1666	957	486
QUAL	0	588	2589	1668	921	454
QUAL	0	589	2608	1666	942	463
QUAL	0	590	2642	1703	939	475
QUAL	0	591	2513	1562	951	433
QUAL	0	592	2559	1631	928	436
QUAL	0	593	2592	1627	965	439
QUAL	0	594	2517	1590	927	454
QUAL	0	595	2598	1628	970	428
QUAL	0	596	2461	1546	915	433
QUAL	0	597	2524	1635	889	453
QUAL	0	598	2548	1561	987	443
QUAL	0	599	2474	1538	936	459
QUAL	0	600	2485	1638	847	444
QUAL	0	601	2499	1605	894	439
QUAL	0	602	2402	1515	887	449
QUAL	0	603	2522	1532	990	441
QUAL	0	604	2530	1579	951	437
QUAL	0	605	2545	1583	962	450
QUAL	0	606	2477	1550	927	435
QUAL	0	607	2531	1598	933	420
QUAL	0	608	2430	1529	901	446
QUAL	0	609	2483	1563	920	426
QUAL	0	610	2538	1611	927	437
QUAL	0	611	2456	1547	909	458
QUAL	0	612	2433	1530	903	446
QUAL	0	613	2440	1586	854	458
QUAL	0	614	2362	1528	834	431
QUAL	0	615	2360	1485	875	432
QUAL	0	616	2449	1563	886	450
QUAL	0	617	2411	1498	913	452
QUAL	0	618	2412	1540	872	454
QUAL	0	619	2407	1537	870	471
QUAL	0	620	2455	1590	865	463
QUAL	0	621	2266	1439	827	440
QUAL	0	622	2343	1479	864	449
QUAL	0	623	2319	1474	845	440
QUAL	0	624	2297	1455	842	410
QUAL	0	625	2292	1435	857	448
QUAL	0	626	2320	1488	832	427
QUAL	0	627	2450	1553	897	426
QUAL	0	628	2288	1462	826	452
QUAL	0	629	2257	1437	820	444
QUAL	0	630	2323	1471	852	437
QUAL	0	631	2300	1452	848	441
QUAL	0	632	2244	1451	793	445
QUAL	0	633	2276	1399	877	456
QUAL	0	634	2319	1457	862	458
QUAL	0	635	2305	1473	832	450
QUAL	0	636	2167	1387	780	491
QUAL	0	637	2261	1484	777	429
QUAL	0	638	2279	1446	833	425
QUAL	0	639	2248	1432	816	404
QUAL	0	640	2312	1439	873	458
QUAL	0	641	2182	1400	782	433
QUAL	0	642	2273	1430	843	461
QUAL	0	643	2203	1373	830	428
QUAL	0	644	2256	1439	817	471
QUAL	0	645	2232	1426	806	513
QUAL	0	646	2160	1336	824	409
QUAL	0	647	2209	1403	806	400
QUAL	0	648	2187	1417	770	460
QUAL	0	649	2194	1387	807	452
QUAL	0	650	2186	1378	808	411
QUAL	0	651	2131	1374	757	430
QUAL	0	652	2197	1369	828	441
QUAL	0	653	2164	1401	763	453
QUAL	0	654	2166	1371	795	477
QUAL	0	655	2156	1381	775	442
QUAL	0	656	2229	1449	780	475
QUAL	0	657	2117	1355	762	441
QUAL	0	658	2184	1344	840	506
QUAL	0	659	2030	1263	767	482
QUAL	0	660	2152	1331	821	471
QUAL	0	661	2047	1303	744	443
QUAL	0	662	2074	1314	760	456
QUAL	0	663	2143	1353	790	495
QUAL	0	664	2130	1361	769	479
QUAL	0	665	2135	1342	793	507
QUAL	0	666	2065	1340	725	470
QUAL	0	667	2021	1298	723	459
QUAL	0	668	2089	1329	760	458
QUAL	0	669	2068	1291	777	489
QUAL	0	670	2073	1259	814	470
QUAL	0	671	1970	1266	704	470
QUAL	0	672	2033	1309	724	458
QUAL	0	673	2063	1288	775	455
QUAL	0	674	2109	1330	779	481
QUAL	0	675	2015	1279	736	485
QUAL	0	676	1989	1251	738	467
QUAL	0	677	2046	1302	744	458
QUAL	0	678	2017	1280	737	454
QUAL	0	679	2013	1271	742	466
QUAL	0	680	1997	1271	726	490
QUAL	0	681	2027	1270	757	490
QUAL	0	682	2001	1253	748	470
QUAL	0	683	1973	1260	713	439
QUAL	0	684	2070	1333	737	462
QUAL	0	685	2047	1285	762	475
QUAL	0	686	2023	1262	761	487
QUAL	0	687	1999	1245	754	459
QUAL	0	688	1944	1226	718	455
QUAL	0	689	1969	1221	748	476
QUAL	0	690	1965	1237	728	497
QUAL	0	691	1928	1207	721	495
QUAL	0	692	1941	1262	679	465
QUAL	0	693	1932	1216	716	449
QUAL	0	694	1957	1230	727	425
QUAL	0	695	1916	1195	721	465
QUAL	0	696	1911	1193	718	466
QUAL	0	697	1908	1218	690	466
QUAL	0	698	1863	1230	633	449
QUAL	0	699	2363	1503	860	508
QUAL	0	700	1917	1242	675	476
QUAL	0	701	1953	1259	694	458
QUAL	0	702	1855	1173	682	460
QUAL	0	703	1938	1241	697	459
QUAL	0	704	1959	1248	711	456
QUAL	0	705	1801	1119	682	444
QUAL	0	706	1882	1180	702	470
QUAL	0	707	1834	1196	638	477
QUAL	0	708	1790	1150	640	460
QUAL	0	709	1864	1196	668	477
QUAL	0	710	1911	1166	745	464
QUAL	0	711	1820	1150	670	497
QUAL	0	712	1874	1188	686	454
QUAL	0	713	1803	1190	613	488
QUAL	0	714	1834	1159	675	452
QUAL	0	715	1819	1187	632	480
QUAL	0	716	1852	1215	637	494
QUAL	0	717	1860	1197	663	462
QUAL	0	718	1830	1193	637	473
QUAL	0	719	1717	1122	595	485
QUAL	0	720	1812	1183	629	483
QUAL	0	721	1716	1113	603	430
QUAL	0	722	1774	1148	626	491
QUAL	0	723	1803	1158	645	435
QUAL	0	724	1761	1130	631	433
QUAL	0	725	1756	1084	672	503
QUAL	0	726	1770	1115	655	494
QUAL	0	727	1888	1214	674	492
QUAL	0	728	1720	1104	616	456
QUAL	0	729	1803	1168	635	491
QUAL	0	730	1817	1144	673	468
QUAL	0	731	1803	1153	650	477
QUAL	0	732	1715	1095	620	506
QUAL	0	733	1801	1143	658	446
QUAL	0	734	1734	1074	660	489
QUAL	0	735	1693	1091	602	439
QUAL	0	736	1723	1110	613	457
QUAL	0	737	1751	1094	657	502
QUAL	0	738	1733	1109	624	519
QUAL	0	739	1800	1162	638	454
QUAL	0	740	1764	1123	641	470
QUAL	0	741	1748	1135	613	419
QUAL	0	742	1744	1089	655	475
QUAL	0	743	1665	1104	561	448
QUAL	0	744	1693	1070	623	478
QUAL	0	745	1723	1099	624	455
QUAL	0	746	1724	1076	648	457
QUAL	0	747	1662	1048	614	492
QUAL	0	748	1708	1095	613	491
QUAL	0	749	1755	1147	608	488
QUAL	0	750	1648	1005	643	426
QUAL	0	751	1714	1086	628	505
QUAL	0	752	1705	1072	633	452
QUAL	0	753	1660	1062	598	480
QUAL	0	754	1658	1071	587	470
QUAL	0	755	1638	1052	586	462
QUAL	0	756	1692	1083	609	479
QUAL	0	757	1615	1015	600	456
QUAL	0	758	1713	1133	580	487
QUAL	0	759	1663	1050	613	492
QUAL	0	760	1646	1051	595	478
QUAL	0	761	1701	1117	584	459
QUAL	0	762	1612	1024	588	462
QUAL	0	763	1687	1076	611	500
QUAL	0	764	1608	1042	566	504
QUAL	0	765	1647	1071	576	477
QUAL	0	766	1595	1036	559	487
QUAL	0	767	1645	1064	581	480
QUAL	0	768	1648	1032	616	496
QUAL	0	769	1714	1085	629	506
QUAL	0	770	1559	983	576	475
QUAL	0	771	1578	995	583	476
QUAL	0	772	1577	999	578	479
QUAL	0	773	1644	1097	547	487
QUAL	0	774	1617	1022	595	487
QUAL	0	775	1619	998	621	490
QUAL	0	776	1584	997	587	478
QUAL	0	777	1630	1039	591	469
QUAL	0	778	1576	988	588	514
QUAL	0	779	1643	1043	600	490
QUAL	0	780	1645	1041	604	423
QUAL	0	781	1524	993	531	495
QUAL	0	782	1642	1052	590	483
QUAL	0	783	1510	1000	510	487
QUAL	0	784	1557	1018	539	507
QUAL	0	785	1542	950	592	462
QUAL	0	786	1570	987	583	440
QUAL	0	787	1606	1037	569	472
QUAL	0	788	1617	1029	588	481
QUAL	0	789	1556	968	588	502
QUAL	0	790	1579	1007	572	451
QUAL	0	791	1586	1011	575	491
QUAL	0	792	1556	1018	538	476
QUAL	0	793	1535	999	536	477
QUAL	0	794	1507	971	536	485
QUAL	0	795	1580	1025	555	484
QUAL	0	796	1497	958	539	455
QUAL	0	797	1547	1001	546	502
QUAL	0	798	1596	1024	572	484
QUAL	0	799	1484	960	524	443
QUAL	0	800	1568	1033	535	523
QUAL	0	801	1603	1022	581	480
QUAL	0	802	1510	972	538	470
QUAL	0	803	1531	963	568	458
QUAL	0	804	1529	1002	527	469
QUAL	0	805	1550	1024	526	462
QUAL	0	806	1560	1010	550	518
QUAL	0	807	1484	914	570	498
QUAL	0	808	1545	1023	522	489
QUAL	0	809	1502	927	575	472
QUAL	0	810	1460	952	508	483
QUAL	0	811	1523	956	567	525
QUAL	0	812	1527	968	559	510
QUAL	0	813	1479	951	528	480
QUAL	0	814	1537	974	563	494
QUAL	0	815	1480	972	508	500
QUAL	0	816	1509	955	554	472
QUAL	0	817	1468	955	513	453
QUAL	0	818	1506	947	559	493
QUAL	0	819	1516	962	554	476
QUAL	0	820	1510	967	543	466
QUAL	0	821	1456	952	504	545
QUAL	0	822	1478	911	567	477
QUAL	0	823	1510	970	540	490
QUAL	0	824	1512	994	518	446
QUAL	0	825	1406	923	483	468
QUAL	0	826	1484	954	530	497
QUAL	0	827	1559	1021	538	443
QUAL	0	828	1565	1028	537	468
QUAL	0	829	1520	968	552	438
QUAL	0	830	1495	978	517	472
QUAL	0	831	1472	936	536	471
QUAL	0	832	1466	924	542	483
QUAL	0	833	1463	932	531	485
QUAL	0	834	1510	973	537	482
QUAL	0	835	1400	939	461	467
QUAL	0	836	1420	904	516	519
QUAL	0	837	1444	939	505	508
QUAL	0	838	1446	934	512	485
QUAL	0	839	1395	901	494	439
QUAL	0	840	1482	993	489	512
QUAL	0	841	1392	915	477	484
QUAL	0	842	1462	922	540	461
QUAL	0	843	1400	909	491	482
QUAL	0	844	1436	940	496	494
QUAL	0	845	1360	883	477	471
QUAL	0	846	1441	922	519	485
QUAL	0	847	1398	916	482	467
QUAL	0	848	1420	900	520	480
QUAL	0	849	1397	898	499	446
QUAL	0	850	1427	910	517	495
QUAL	0	851	1409	899	510	497
QUAL	0	852	1405	935	470	484
QUAL	0	853	1450	960	490	503
QUAL	0	854	1424	950	474	453
QUAL	0	855	1452	952	500	483
QUAL	0	856	1395	864	531	434
QUAL	0	857	1469	954	515	484
QUAL	0	858	1429	924	505	489
QUAL	0	859	1399	895	504	490
QUAL	0	860	1409	924	485	501
QUAL	0	861	1394	913	481	500
QUAL	0	862	1434	939	495	476
QUAL	0	863	1327	850	477	479
QUAL	0	864	1334	860	474	462
QUAL	0	865	1339	855	484	487
QUAL	0	866	1333	862	471	468
QUAL	0	867	1340	828	512	490
QUAL	0	868	1347	875	472	477
QUAL	0	869	1378	896	482	514
QUAL	0	870	1363	841	522	449
QUAL	0	871	1388	887	501	427
QUAL	0	872	1409	883	526	505
QUAL	0	873	1376	894	482	454
QUAL	0	874	1312	838	474	482
QUAL	0	875	1349	851	498	477
QUAL	0	876	1432	934	498	452
QUAL	0	877	1428	925	503	476
QUAL	0	878	1404	922	482	494
QUAL	0	879	1387	924	463	470
QUAL	0	880	1288	856	432	500
QUAL	0	881	1342	891	451	447
QUAL	0	882	1308	818	490	471
QUAL	0	883	1317	853	464	520
QUAL	0	884	1279	808	471	459
QUAL	0	885	1351	876	475	484
QUAL	0	886	1322	865	457	457
QUAL	0	887	1269	818	451	459
QUAL	0	888	1336	820	516	472
QUAL	0	889	1376	912	464	452
QUAL	0	890	1368	881	487	465
QUAL	0	891	1301	807	494	465
QUAL	0	892	1273	803	470	489
QUAL	0	893	1281	838	443	485
QUAL	0	894	1320	851	469	488
QUAL	0	895	1292	818	474	476
QUAL	0	896	1319	856	463	446
QUAL	0	897	1327	872	455	417
QUAL	0	898	1303	843	460	484
QUAL	0	899	1325	843	482	463
QUAL	0	900	1257	798	459	465
QUAL	0	901	1352	853	499	463
QUAL	0	902	1259	805	454	445
QUAL	0	903	1303	862	441	459
QUAL	0	904	1237	782	455	477
QUAL	0	905	1329	855	474	434
QUAL	0	906	1339	834	505	489
QUAL	0	907	1254	831	423	432
QUAL	0	908	1254	808	446	455
QUAL	0	909	1302	833	469	456
QUAL	0	910	1252	792	460	469
QUAL	0	911	1256	808	448	446
QUAL	0	912	1314	828	486	482
QUAL	0	913	1258	792	466	434
QUAL	0	914	1267	830	437	485
QUAL	0	915	1314	841	473	450
QUAL	0	916	1271	825	446	505
QUAL	0	917	1295	820	475	497
QUAL	0	918	1261	800	461	463
QUAL	0	919	1236	815	421	433
QUAL	0	920	1248	802	446	467
QUAL	0	921	1197	776	421	511
QUAL	0	922	1237	819	418	430
QUAL	0	923	1252	797	455	465
QUAL	0	924	1257	820	437	443
QUAL	0	925	1185	800	385	491
QUAL	0	926	1185	761	424	482
QUAL	0	927	1206	788	418	476
QUAL	0	928	1178	803	375	481
QUAL	0	929	1221	756	465	474
QUAL	0	930	1246	783	463	439
QUAL	0	931	1211	780	431	456
QUAL	0	932	1181	759	422	417
QUAL	0	933	1250	806	444	440
QUAL	0	934	1175	743	432	447
QUAL	0	935	1188	768	420	460
QUAL	0	936	1197	769	428	432
QUAL	0	937	1198	757	441	454
QUAL	0	938	1257	809	448	462
QUAL	0	939	1150	739	411	482
QUAL	0	940	1203	809	394	496
QUAL	0	941	1150	751	399	429
QUAL	0	942	1152	768	384	452
QUAL	0	943	1156	747	409	436
QUAL	0	944	1179	782	397	476
QUAL	0	945	1127	740	387	440
QUAL	0	946	1046	661	385	452
QUAL	0	947	1181	758	423	441
QUAL	0	948	1196	788	408	452
QUAL	0	949	1078	686	392	470
QUAL	0	950	1122	700	422	478
QUAL	0	951	1158	775	383	428
QUAL	0	952	1108	695	413	449
QUAL	0	953	1106	712	394	444
QUAL	0	954	3783	2485	1298	493
QUAL	0	955	1152	753	399	438
QUAL	0	956	1008	647	361	469
QUAL	0	957	953	624	329	468
QUAL	0	958	950	589	361	438
QUAL	0	959	1014	637	377	464
QUAL	0	960	890	560	330	404
QUAL	0	961	1003	630	373	444
QUAL	0	962	1039	667	372	458
QUAL	0	963	984	638	346	438
QUAL	0	964	964	609	355	420
QUAL	0	965	1025	684	341	424
QUAL	0	966	1021	647	374	414
QUAL	0	967	965	593	372	431
QUAL	0	968	968	628	340	384
QUAL	0	969	940	620	320	419
QUAL	0	970	886	557	329	402
QUAL	0	971	909	622	287	459
QUAL	0	972	987	612	375	489
QUAL	0	973	1001	641	360	437
QUAL	0	974	896	601	295	381
QUAL	0	975	996	617	379	437
QUAL	0	976	910	581	329	430
QUAL	0	977	896	560	336	397
QUAL	0	978	967	620	347	401
QUAL	0	979	976	647	329	397
QUAL	0	980	949	622	327	429
QUAL	0	981	933	622	311	387
QUAL	0	982	952	624	328	455
QUAL	0	983	947	589	358	443
QUAL	0	984	892	590	302	438
QUAL	0	985	897	573	324	420
QUAL	0	986	927	577	350	434
QUAL	0	987	967	618	349	432
QUAL	0	988	912	584	328	451
QUAL	0	989	915	606	309	455
QUAL	0	990	963	643	320	425
QUAL	0	991	924	610	314	441
QUAL	0	992	904	574	330	432
QUAL	0	993	842	529	313	411
QUAL	0	994	925	611	314	435
QUAL	0	995	919	615	304	449
QUAL	0	996	891	561	330	393
QUAL	0	997	906	573	333	429
QUAL	0	998	429858	279884	149974	145739
