# DP, Depth distribution
# DP	[2]id	[3]bin	[4]number of genotypes	[5]fraction of genotypes (%)	[6]number of sites	[7]fraction of sites (%)
DP	0	1	0	0.000000	207571	1.627917
DP	0	2	0	0.000000	161860	1.269420
DP	0	3	0	0.000000	159182	1.248417
DP	0	4	0	0.000000	158225	1.240911
DP	0	5	0	0.000000	161299	1.265020
DP	0	6	0	0.000000	162237	1.272376
DP	0	7	0	0.000000	163540	1.282595
DP	0	8	0	0.000000	162343	1.273208
DP	0	9	0	0.000000	156871	1.230292
DP	0	10	0	0.000000	154601	1.212489
DP	0	11	0	0.000000	151211	1.185903
DP	0	12	0	0.000000	149683	1.173919
DP	0	13	0	0.000000	147582	1.157441
DP	0	14	0	0.000000	146341	1.147709
DP	0	15	0	0.000000	145334	1.139811
DP	0	16	0	0.000000	144438	1.132784
DP	0	17	0	0.000000	143497	1.125404
DP	0	18	0	0.000000	142628	1.118589
DP	0	19	0	0.000000	141441	1.109279
DP	0	20	0	0.000000	140501	1.101907
DP	0	21	0	0.000000	138833	1.088826
DP	0	22	0	0.000000	138020	1.082450
DP	0	23	0	0.000000	135832	1.065290
DP	0	24	0	0.000000	135221	1.060498
DP	0	25	0	0.000000	134108	1.051769
DP	0	26	0	0.000000	134095	1.051667
DP	0	27	0	0.000000	131819	1.033817
DP	0	28	0	0.000000	131716	1.033009
DP	0	29	0	0.000000	130556	1.023912
DP	0	30	0	0.000000	129447	1.015214
DP	0	31	0	0.000000	127945	1.003434
DP	0	32	0	0.000000	127394	0.999113
DP	0	33	0	0.000000	127284	0.998250
DP	0	34	0	0.000000	126445	0.991670
DP	0	35	0	0.000000	125805	0.986651
DP	0	36	0	0.000000	125390	0.983396
DP	0	37	0	0.000000	124607	0.977255
DP	0	38	0	0.000000	124163	0.973773
DP	0	39	0	0.000000	124731	0.978228
DP	0	40	0	0.000000	123453	0.968205
DP	0	41	0	0.000000	122562	0.961217
DP	0	42	0	0.000000	122643	0.961852
DP	0	43	0	0.000000	123892	0.971648
DP	0	44	0	0.000000	122538	0.961029
DP	0	45	0	0.000000	122306	0.959209
DP	0	46	0	0.000000	122212	0.958472
DP	0	47	0	0.000000	122899	0.963860
DP	0	48	0	0.000000	122495	0.960692
DP	0	49	0	0.000000	122052	0.957217
DP	0	50	0	0.000000	123043	0.964989
DP	0	51	0	0.000000	123036	0.964935
DP	0	52	0	0.000000	122727	0.962511
DP	0	53	0	0.000000	122799	0.963076
DP	0	54	0	0.000000	122258	0.958833
DP	0	55	0	0.000000	122535	0.961005
DP	0	56	0	0.000000	122875	0.963672
DP	0	57	0	0.000000	123604	0.969389
DP	0	58	0	0.000000	122997	0.964629
DP	0	59	0	0.000000	124368	0.975381
DP	0	60	0	0.000000	124392	0.975569
DP	0	61	0	0.000000	125112	0.981216
DP	0	62	0	0.000000	124791	0.978698
DP	0	63	0	0.000000	126094	0.988917
DP	0	64	0	0.000000	126642	0.993215
DP	0	65	0	0.000000	126474	0.991898
DP	0	66	0	0.000000	127782	1.002156
DP	0	67	0	0.000000	128972	1.011489
DP	0	68	0	0.000000	129329	1.014289
DP	0	69	0	0.000000	129774	1.017779
DP	0	70	0	0.000000	131032	1.027645
DP	0	71	0	0.000000	131445	1.030884
DP	0	72	0	0.000000	132859	1.041973
DP	0	73	0	0.000000	131490	1.031237
DP	0	74	0	0.000000	132092	1.035958
DP	0	75	0	0.000000	131151	1.028578
DP	0	76	0	0.000000	131269	1.029503
DP	0	77	0	0.000000	130027	1.019763
DP	0	78	0	0.000000	127825	1.002493
DP	0	79	0	0.000000	126758	0.994125
DP	0	80	0	0.000000	125367	0.983216
DP	0	81	0	0.000000	122544	0.961076
DP	0	82	0	0.000000	119887	0.940238
DP	0	83	0	0.000000	117208	0.919227
DP	0	84	0	0.000000	112767	0.884398
DP	0	85	0	0.000000	109454	0.858415
DP	0	86	0	0.000000	105076	0.824080
DP	0	87	0	0.000000	100846	0.790905
DP	0	88	0	0.000000	96713	0.758491
DP	0	89	0	0.000000	91938	0.721042
DP	0	90	0	0.000000	87538	0.686534
DP	0	91	0	0.000000	82011	0.643188
DP	0	92	0	0.000000	77468	0.607558
DP	0	93	0	0.000000	72792	0.570886
DP	0	94	0	0.000000	67979	0.533139
DP	0	95	0	0.000000	63132	0.495125
DP	0	96	0	0.000000	58396	0.457982
DP	0	97	0	0.000000	53275	0.417820
DP	0	98	0	0.000000	49131	0.385320
DP	0	99	0	0.000000	44951	0.352537
DP	0	100	0	0.000000	41013	0.321653
DP	0	101	0	0.000000	37124	0.291152
DP	0	102	0	0.000000	33413	0.262048
DP	0	103	0	0.000000	29921	0.234661
DP	0	104	0	0.000000	26676	0.209212
DP	0	105	0	0.000000	23774	0.186452
DP	0	106	0	0.000000	21437	0.168124
DP	0	107	0	0.000000	18809	0.147513
DP	0	108	0	0.000000	16477	0.129224
DP	0	109	0	0.000000	14514	0.113829
DP	0	110	0	0.000000	12841	0.100708
DP	0	111	0	0.000000	11136	0.087336
DP	0	112	0	0.000000	9678	0.075902
DP	0	113	0	0.000000	8322	0.065267
DP	0	114	0	0.000000	7312	0.057346
DP	0	115	0	0.000000	6296	0.049378
DP	0	116	0	0.000000	5439	0.042656
DP	0	117	0	0.000000	4618	0.036218
DP	0	118	0	0.000000	4096	0.032124
DP	0	119	0	0.000000	3444	0.027010
DP	0	120	0	0.000000	3080	0.024156
DP	0	121	0	0.000000	2507	0.019662
DP	0	122	0	0.000000	2119	0.016619
DP	0	123	0	0.000000	1917	0.015034
DP	0	124	0	0.000000	1619	0.012697
DP	0	125	0	0.000000	1349	0.010580
DP	0	126	0	0.000000	1255	0.009843
DP	0	127	0	0.000000	1037	0.008133
DP	0	128	0	0.000000	879	0.006894
DP	0	129	0	0.000000	806	0.006321
DP	0	130	0	0.000000	718	0.005631
DP	0	131	0	0.000000	649	0.005090
DP	0	132	0	0.000000	581	0.004557
DP	0	133	0	0.000000	543	0.004259
DP	0	134	0	0.000000	501	0.003929
DP	0	135	0	0.000000	434	0.003404
DP	0	136	0	0.000000	411	0.003223
DP	0	137	0	0.000000	413	0.003239
DP	0	138	0	0.000000	373	0.002925
DP	0	139	0	0.000000	363	0.002847
DP	0	140	0	0.000000	352	0.002761
DP	0	141	0	0.000000	306	0.002400
DP	0	142	0	0.000000	350	0.002745
DP	0	143	0	0.000000	316	0.002478
DP	0	144	0	0.000000	292	0.002290
DP	0	145	0	0.000000	258	0.002023
DP	0	146	0	0.000000	280	0.002196
DP	0	147	0	0.000000	277	0.002172
DP	0	148	0	0.000000	266	0.002086
DP	0	149	0	0.000000	287	0.002251
DP	0	150	0	0.000000	240	0.001882
DP	0	151	0	0.000000	237	0.001859
DP	0	152	0	0.000000	248	0.001945
DP	0	153	0	0.000000	259	0.002031
DP	0	154	0	0.000000	200	0.001569
DP	0	155	0	0.000000	236	0.001851
DP	0	156	0	0.000000	208	0.001631
DP	0	157	0	0.000000	204	0.001600
DP	0	158	0	0.000000	213	0.001670
DP	0	159	0	0.000000	207	0.001623
DP	0	160	0	0.000000	203	0.001592
DP	0	161	0	0.000000	198	0.001553
DP	0	162	0	0.000000	179	0.001404
DP	0	163	0	0.000000	193	0.001514
DP	0	164	0	0.000000	224	0.001757
DP	0	165	0	0.000000	200	0.001569
DP	0	166	0	0.000000	178	0.001396
DP	0	167	0	0.000000	211	0.001655
DP	0	168	0	0.000000	176	0.001380
DP	0	169	0	0.000000	192	0.001506
DP	0	170	0	0.000000	167	0.001310
DP	0	171	0	0.000000	170	0.001333
DP	0	172	0	0.000000	178	0.001396
DP	0	173	0	0.000000	178	0.001396
DP	0	174	0	0.000000	183	0.001435
DP	0	175	0	0.000000	186	0.001459
DP	0	176	0	0.000000	180	0.001412
DP	0	177	0	0.000000	169	0.001325
DP	0	178	0	0.000000	165	0.001294
DP	0	179	0	0.000000	164	0.001286
DP	0	180	0	0.000000	174	0.001365
DP	0	181	0	0.000000	154	0.001208
DP	0	182	0	0.000000	115	0.000902
DP	0	183	0	0.000000	144	0.001129
DP	0	184	0	0.000000	135	0.001059
DP	0	185	0	0.000000	149	0.001169
DP	0	186	0	0.000000	142	0.001114
DP	0	187	0	0.000000	169	0.001325
DP	0	188	0	0.000000	127	0.000996
DP	0	189	0	0.000000	148	0.001161
DP	0	190	0	0.000000	170	0.001333
DP	0	191	0	0.000000	129	0.001012
DP	0	192	0	0.000000	136	0.001067
DP	0	193	0	0.000000	135	0.001059
DP	0	194	0	0.000000	165	0.001294
DP	0	195	0	0.000000	139	0.001090
DP	0	196	0	0.000000	138	0.001082
DP	0	197	0	0.000000	141	0.001106
DP	0	198	0	0.000000	111	0.000871
DP	0	199	0	0.000000	134	0.001051
DP	0	200	0	0.000000	120	0.000941
DP	0	201	0	0.000000	111	0.000871
DP	0	202	0	0.000000	127	0.000996
DP	0	203	0	0.000000	114	0.000894
DP	0	204	0	0.000000	112	0.000878
DP	0	205	0	0.000000	116	0.000910
DP	0	206	0	0.000000	104	0.000816
DP	0	207	0	0.000000	131	0.001027
DP	0	208	0	0.000000	115	0.000902
DP	0	209	0	0.000000	105	0.000823
DP	0	210	0	0.000000	96	0.000753
DP	0	211	0	0.000000	104	0.000816
DP	0	212	0	0.000000	132	0.001035
DP	0	213	0	0.000000	110	0.000863
DP	0	214	0	0.000000	108	0.000847
DP	0	215	0	0.000000	100	0.000784
DP	0	216	0	0.000000	96	0.000753
DP	0	217	0	0.000000	82	0.000643
DP	0	218	0	0.000000	91	0.000714
DP	0	219	0	0.000000	95	0.000745
DP	0	220	0	0.000000	96	0.000753
DP	0	221	0	0.000000	81	0.000635
DP	0	222	0	0.000000	104	0.000816
DP	0	223	0	0.000000	84	0.000659
DP	0	224	0	0.000000	80	0.000627
DP	0	225	0	0.000000	102	0.000800
DP	0	226	0	0.000000	98	0.000769
DP	0	227	0	0.000000	108	0.000847
DP	0	228	0	0.000000	89	0.000698
DP	0	229	0	0.000000	97	0.000761
DP	0	230	0	0.000000	84	0.000659
DP	0	231	0	0.000000	93	0.000729
DP	0	232	0	0.000000	93	0.000729
DP	0	233	0	0.000000	89	0.000698
DP	0	234	0	0.000000	84	0.000659
DP	0	235	0	0.000000	69	0.000541
DP	0	236	0	0.000000	77	0.000604
DP	0	237	0	0.000000	81	0.000635
DP	0	238	0	0.000000	86	0.000674
DP	0	239	0	0.000000	82	0.000643
DP	0	240	0	0.000000	92	0.000722
DP	0	241	0	0.000000	93	0.000729
DP	0	242	0	0.000000	71	0.000557
DP	0	243	0	0.000000	78	0.000612
DP	0	244	0	0.000000	73	0.000573
DP	0	245	0	0.000000	94	0.000737
DP	0	246	0	0.000000	94	0.000737
DP	0	247	0	0.000000	59	0.000463
DP	0	248	0	0.000000	68	0.000533
DP	0	249	0	0.000000	70	0.000549
DP	0	250	0	0.000000	72	0.000565
DP	0	251	0	0.000000	64	0.000502
DP	0	252	0	0.000000	64	0.000502
DP	0	253	0	0.000000	46	0.000361
DP	0	254	0	0.000000	57	0.000447
DP	0	255	0	0.000000	67	0.000525
DP	0	256	0	0.000000	69	0.000541
DP	0	257	0	0.000000	61	0.000478
DP	0	258	0	0.000000	66	0.000518
DP	0	259	0	0.000000	42	0.000329
DP	0	260	0	0.000000	70	0.000549
DP	0	261	0	0.000000	52	0.000408
DP	0	262	0	0.000000	64	0.000502
DP	0	263	0	0.000000	56	0.000439
DP	0	264	0	0.000000	42	0.000329
DP	0	265	0	0.000000	43	0.000337
DP	0	266	0	0.000000	59	0.000463
DP	0	267	0	0.000000	57	0.000447
DP	0	268	0	0.000000	52	0.000408
DP	0	269	0	0.000000	44	0.000345
DP	0	270	0	0.000000	53	0.000416
DP	0	271	0	0.000000	61	0.000478
DP	0	272	0	0.000000	42	0.000329
DP	0	273	0	0.000000	52	0.000408
DP	0	274	0	0.000000	45	0.000353
DP	0	275	0	0.000000	56	0.000439
DP	0	276	0	0.000000	44	0.000345
DP	0	277	0	0.000000	61	0.000478
DP	0	278	0	0.000000	54	0.000424
DP	0	279	0	0.000000	51	0.000400
DP	0	280	0	0.000000	48	0.000376
DP	0	281	0	0.000000	49	0.000384
DP	0	282	0	0.000000	42	0.000329
DP	0	283	0	0.000000	37	0.000290
DP	0	284	0	0.000000	42	0.000329
DP	0	285	0	0.000000	46	0.000361
DP	0	286	0	0.000000	49	0.000384
DP	0	287	0	0.000000	46	0.000361
DP	0	288	0	0.000000	51	0.000400
DP	0	289	0	0.000000	48	0.000376
DP	0	290	0	0.000000	39	0.000306
DP	0	291	0	0.000000	48	0.000376
DP	0	292	0	0.000000	41	0.000322
DP	0	293	0	0.000000	50	0.000392
DP	0	294	0	0.000000	49	0.000384
DP	0	295	0	0.000000	30	0.000235
DP	0	296	0	0.000000	45	0.000353
DP	0	297	0	0.000000	48	0.000376
DP	0	298	0	0.000000	35	0.000274
DP	0	299	0	0.000000	42	0.000329
DP	0	300	0	0.000000	37	0.000290
DP	0	301	0	0.000000	46	0.000361
DP	0	302	0	0.000000	41	0.000322
DP	0	303	0	0.000000	48	0.000376
DP	0	304	0	0.000000	42	0.000329
DP	0	305	0	0.000000	48	0.000376
DP	0	306	0	0.000000	30	0.000235
DP	0	307	0	0.000000	40	0.000314
DP	0	308	0	0.000000	41	0.000322
DP	0	309	0	0.000000	38	0.000298
DP	0	310	0	0.000000	37	0.000290
DP	0	311	0	0.000000	36	0.000282
DP	0	312	0	0.000000	29	0.000227
DP	0	313	0	0.000000	30	0.000235
DP	0	314	0	0.000000	43	0.000337
DP	0	315	0	0.000000	37	0.000290
DP	0	316	0	0.000000	46	0.000361
DP	0	317	0	0.000000	39	0.000306
DP	0	318	0	0.000000	32	0.000251
DP	0	319	0	0.000000	29	0.000227
DP	0	320	0	0.000000	27	0.000212
DP	0	321	0	0.000000	34	0.000267
DP	0	322	0	0.000000	35	0.000274
DP	0	323	0	0.000000	33	0.000259
DP	0	324	0	0.000000	40	0.000314
DP	0	325	0	0.000000	29	0.000227
DP	0	326	0	0.000000	33	0.000259
DP	0	327	0	0.000000	32	0.000251
DP	0	328	0	0.000000	38	0.000298
DP	0	329	0	0.000000	38	0.000298
DP	0	330	0	0.000000	37	0.000290
DP	0	331	0	0.000000	33	0.000259
DP	0	332	0	0.000000	38	0.000298
DP	0	333	0	0.000000	36	0.000282
DP	0	334	0	0.000000	32	0.000251
DP	0	335	0	0.000000	31	0.000243
DP	0	336	0	0.000000	27	0.000212
DP	0	337	0	0.000000	30	0.000235
DP	0	338	0	0.000000	42	0.000329
DP	0	339	0	0.000000	32	0.000251
DP	0	340	0	0.000000	40	0.000314
DP	0	341	0	0.000000	28	0.000220
DP	0	342	0	0.000000	35	0.000274
DP	0	343	0	0.000000	34	0.000267
DP	0	344	0	0.000000	34	0.000267
DP	0	345	0	0.000000	28	0.000220
DP	0	346	0	0.000000	32	0.000251
DP	0	347	0	0.000000	31	0.000243
DP	0	348	0	0.000000	31	0.000243
DP	0	349	0	0.000000	27	0.000212
DP	0	350	0	0.000000	26	0.000204
DP	0	351	0	0.000000	27	0.000212
DP	0	352	0	0.000000	19	0.000149
DP	0	353	0	0.000000	28	0.000220
DP	0	354	0	0.000000	31	0.000243
DP	0	355	0	0.000000	20	0.000157
DP	0	356	0	0.000000	21	0.000165
DP	0	357	0	0.000000	27	0.000212
DP	0	358	0	0.000000	21	0.000165
DP	0	359	0	0.000000	18	0.000141
DP	0	360	0	0.000000	34	0.000267
DP	0	361	0	0.000000	24	0.000188
DP	0	362	0	0.000000	32	0.000251
DP	0	363	0	0.000000	31	0.000243
DP	0	364	0	0.000000	26	0.000204
DP	0	365	0	0.000000	26	0.000204
DP	0	366	0	0.000000	27	0.000212
DP	0	367	0	0.000000	30	0.000235
DP	0	368	0	0.000000	23	0.000180
DP	0	369	0	0.000000	21	0.000165
DP	0	370	0	0.000000	19	0.000149
DP	0	371	0	0.000000	33	0.000259
DP	0	372	0	0.000000	35	0.000274
DP	0	373	0	0.000000	26	0.000204
DP	0	374	0	0.000000	39	0.000306
DP	0	375	0	0.000000	28	0.000220
DP	0	376	0	0.000000	29	0.000227
DP	0	377	0	0.000000	19	0.000149
DP	0	378	0	0.000000	28	0.000220
DP	0	379	0	0.000000	28	0.000220
DP	0	380	0	0.000000	17	0.000133
DP	0	381	0	0.000000	23	0.000180
DP	0	382	0	0.000000	22	0.000173
DP	0	383	0	0.000000	26	0.000204
DP	0	384	0	0.000000	15	0.000118
DP	0	385	0	0.000000	17	0.000133
DP	0	386	0	0.000000	21	0.000165
DP	0	387	0	0.000000	23	0.000180
DP	0	388	0	0.000000	21	0.000165
DP	0	389	0	0.000000	28	0.000220
DP	0	390	0	0.000000	29	0.000227
DP	0	391	0	0.000000	20	0.000157
DP	0	392	0	0.000000	19	0.000149
DP	0	393	0	0.000000	36	0.000282
DP	0	394	0	0.000000	29	0.000227
DP	0	395	0	0.000000	19	0.000149
DP	0	396	0	0.000000	18	0.000141
DP	0	397	0	0.000000	18	0.000141
DP	0	398	0	0.000000	17	0.000133
DP	0	399	0	0.000000	18	0.000141
DP	0	400	0	0.000000	20	0.000157
DP	0	401	0	0.000000	18	0.000141
DP	0	402	0	0.000000	18	0.000141
DP	0	403	0	0.000000	16	0.000125
DP	0	404	0	0.000000	14	0.000110
DP	0	405	0	0.000000	17	0.000133
DP	0	406	0	0.000000	17	0.000133
DP	0	407	0	0.000000	23	0.000180
DP	0	408	0	0.000000	16	0.000125
DP	0	409	0	0.000000	17	0.000133
DP	0	410	0	0.000000	20	0.000157
DP	0	411	0	0.000000	14	0.000110
DP	0	412	0	0.000000	20	0.000157
DP	0	413	0	0.000000	22	0.000173
DP	0	414	0	0.000000	18	0.000141
DP	0	415	0	0.000000	19	0.000149
DP	0	416	0	0.000000	18	0.000141
DP	0	417	0	0.000000	18	0.000141
DP	0	418	0	0.000000	17	0.000133
DP	0	419	0	0.000000	20	0.000157
DP	0	420	0	0.000000	21	0.000165
DP	0	421	0	0.000000	26	0.000204
DP	0	422	0	0.000000	19	0.000149
DP	0	423	0	0.000000	25	0.000196
DP	0	424	0	0.000000	17	0.000133
DP	0	425	0	0.000000	16	0.000125
DP	0	426	0	0.000000	16	0.000125
DP	0	427	0	0.000000	24	0.000188
DP	0	428	0	0.000000	10	0.000078
DP	0	429	0	0.000000	16	0.000125
DP	0	430	0	0.000000	17	0.000133
DP	0	431	0	0.000000	17	0.000133
DP	0	432	0	0.000000	14	0.000110
DP	0	433	0	0.000000	16	0.000125
DP	0	434	0	0.000000	21	0.000165
DP	0	435	0	0.000000	24	0.000188
DP	0	436	0	0.000000	13	0.000102
DP	0	437	0	0.000000	19	0.000149
DP	0	438	0	0.000000	14	0.000110
DP	0	439	0	0.000000	18	0.000141
DP	0	440	0	0.000000	17	0.000133
DP	0	441	0	0.000000	13	0.000102
DP	0	442	0	0.000000	10	0.000078
DP	0	443	0	0.000000	20	0.000157
DP	0	444	0	0.000000	17	0.000133
DP	0	445	0	0.000000	10	0.000078
DP	0	446	0	0.000000	12	0.000094
DP	0	447	0	0.000000	10	0.000078
DP	0	448	0	0.000000	24	0.000188
DP	0	449	0	0.000000	21	0.000165
DP	0	450	0	0.000000	7	0.000055
DP	0	451	0	0.000000	12	0.000094
DP	0	452	0	0.000000	25	0.000196
DP	0	453	0	0.000000	18	0.000141
DP	0	454	0	0.000000	13	0.000102
DP	0	455	0	0.000000	12	0.000094
DP	0	456	0	0.000000	11	0.000086
DP	0	457	0	0.000000	15	0.000118
DP	0	458	0	0.000000	13	0.000102
DP	0	459	0	0.000000	15	0.000118
DP	0	460	0	0.000000	12	0.000094
DP	0	461	0	0.000000	16	0.000125
DP	0	462	0	0.000000	14	0.000110
DP	0	463	0	0.000000	18	0.000141
DP	0	464	0	0.000000	15	0.000118
DP	0	465	0	0.000000	16	0.000125
DP	0	466	0	0.000000	20	0.000157
DP	0	467	0	0.000000	11	0.000086
DP	0	468	0	0.000000	18	0.000141
DP	0	469	0	0.000000	7	0.000055
DP	0	470	0	0.000000	11	0.000086
DP	0	471	0	0.000000	7	0.000055
DP	0	472	0	0.000000	9	0.000071
DP	0	473	0	0.000000	10	0.000078
DP	0	474	0	0.000000	9	0.000071
DP	0	475	0	0.000000	11	0.000086
DP	0	476	0	0.000000	11	0.000086
DP	0	477	0	0.000000	12	0.000094
DP	0	478	0	0.000000	11	0.000086
DP	0	479	0	0.000000	12	0.000094
DP	0	480	0	0.000000	13	0.000102
DP	0	481	0	0.000000	12	0.000094
DP	0	482	0	0.000000	14	0.000110
DP	0	483	0	0.000000	13	0.000102
DP	0	484	0	0.000000	8	0.000063
DP	0	485	0	0.000000	20	0.000157
DP	0	486	0	0.000000	16	0.000125
DP	0	487	0	0.000000	16	0.000125
DP	0	488	0	0.000000	12	0.000094
DP	0	489	0	0.000000	11	0.000086
DP	0	490	0	0.000000	16	0.000125
DP	0	491	0	0.000000	7	0.000055
DP	0	492	0	0.000000	12	0.000094
DP	0	493	0	0.000000	7	0.000055
DP	0	494	0	0.000000	8	0.000063
DP	0	495	0	0.000000	15	0.000118
DP	0	496	0	0.000000	14	0.000110
DP	0	497	0	0.000000	12	0.000094
DP	0	498	0	0.000000	10	0.000078
DP	0	499	0	0.000000	12	0.000094
DP	0	500	0	0.000000	9	0.000071
DP	0	>500	0	0.000000	4344	0.034069
